United_States_09d4 :  0.0004963795940312
Biography :  0.0003012125798804
United_Kingdom_5ad7 :  0.0001985218685283
2006 :  0.0001967051729259
Geographic_coordinate_system :  0.0001810290099766
England :  0.000165745542646
Canada :  0.0001565321947706
2005 :  0.000148691531825
Record_label :  0.000125530384746
Australia :  0.0001206709644496
Music_genre :  0.0001206665232885
2004 :  0.0001189692723594
France :  0.0001181656410208
India :  0.0001158430785502
Internet_Movie_Database_7ea7 :  0.0001137595774756
Germany :  0.0001101080906121
2003 :  0.0001002594629911
Japan :  0.0000969705940437
Population_density :  0.0000921704566402
2001 :  0.0000833100730643
Politician :  0.0000800081274111
Europe :  0.0000797621566647
2002 :  0.000079727302785
Football_(soccer) :  0.0000763385307469
2000 :  0.000076027038462
Scientific_classification :  0.0000749549031837
Record_producer :  0.0000742734479905
Studio_album :  0.0000738281271953
Census :  0.0000713308434343
Personal_name :  0.0000694770041168
Album :  0.0000679185329523
World_War_II_d045 :  0.0000677468081678
London :  0.0000675272214471
1999 :  0.0000658373345794
Television :  0.000064960303914
Italy :  0.0000633000391023
1998 :  0.0000592929479974
Actor :  0.0000585816252999
Marriage :  0.000058050898182
Public_domain :  0.000057972545106
Square_mile :  0.0000575710429491
Km² :  0.0000558543311444
Per_capita_income :  0.0000556790255885
1997 :  0.0000553872545986
United_States_Census_Bureau_2c85 :  0.0000551081834949
Poverty_line :  0.0000549797143626
Spain :  0.0000544853911988
Scotland :  0.0000534982303742
California :  0.0000534542390434
1996 :  0.0000528715193292
English_language :  0.0000526618218147
Wiktionary :  0.0000523690516747
Film :  0.0000521763184631
Animal :  0.0000516116967641
Population :  0.0000512440298764
White_(U.S._Census)_c45a :  0.0000494439669102
Sweden :  0.0000492641022798
New_York_City_1428 :  0.0000486016449153
1995 :  0.0000484714020414
School :  0.0000484317933157
Writer :  0.0000471650594338
Russia :  0.0000471089236728
New_York_3da4 :  0.0000469866725633
1994 :  0.0000463754346006
China :  0.0000463458125557
New_Zealand_2311 :  0.0000461922454072
Norway :  0.0000454815403571
1993 :  0.000044688127782
1992 :  0.0000424952842023
1990 :  0.0000420617535797
Poet :  0.0000420105072366
1991 :  0.0000418774941438
Brazil :  0.0000416188932585
Corporation :  0.0000415695282701
Latino_(U.S._Census)_5f0e :  0.0000410181664296
Hispanic_(U.S._Census)_1387 :  0.0000410077938771
USA_f75d :  0.0000408666140181
Ireland :  0.0000408091469724
Website :  0.0000400008135083
Poland :  0.0000397801150198
Binomial_nomenclature :  0.0000391930931785
Netherlands :  0.0000389165676456
1989 :  0.0000386666696711
Race_(United_States_Census)_a07d :  0.0000382288887472
1980 :  0.0000377687500177
Company_(law) :  0.0000375349088224
Building :  0.0000369521087958
Band_(music) :  0.0000368474171697
1982 :  0.0000365102095404
All_Music_Guide_0e49 :  0.0000363928318313
1986 :  0.0000363921898283
1983 :  0.000036191288565
Native_American_(U.S._Census)_1a7a :  0.0000360348771138
1981 :  0.0000360060558782
1985 :  0.000035995879761
1984 :  0.0000359826813214
1987 :  0.0000358487911475
1988 :  0.0000355106392471
Rock_music :  0.000035155512291
1979 :  0.0000351214081651
