United_States_09d4 :  0.0004963795733764
Biography :  0.0003012077285819
United_Kingdom_5ad7 :  0.0001985218456853
2006 :  0.0001967050596331
Geographic_coordinate_system :  0.0001810134002697
England :  0.0001657455332593
Canada :  0.000156532209805
2005 :  0.000148691532904
Record_label :  0.0001255303950844
Australia :  0.0001206709517121
Music_genre :  0.0001206665271824
2004 :  0.0001189692747664
France :  0.0001181584262688
India :  0.0001158430694202
Internet_Movie_Database_7ea7 :  0.0001137600727995
Germany :  0.0001101072930085
2003 :  0.0001002594762911
Japan :  0.0000969705936161
Population_density :  0.0000921705108175
2001 :  0.0000833100969702
Politician :  0.0000800081273703
Europe :  0.0000797775273589
2002 :  0.0000797273248454
Football_(soccer) :  0.0000763385241577
2000 :  0.0000760270201774
Scientific_classification :  0.0000749549376807
Record_producer :  0.0000742734630802
Studio_album :  0.0000738294728309
Census :  0.0000713308463664
Personal_name :  0.0000694697831563
Album :  0.0000679204432178
World_War_II_d045 :  0.0000677468137214
London :  0.0000675260101411
1999 :  0.0000658372671755
Television :  0.0000649603054051
Italy :  0.0000632999590828
1998 :  0.0000592929796894
Actor :  0.0000585816246104
Marriage :  0.0000580508978683
Public_domain :  0.0000579728465948
Square_mile :  0.0000575710550211
Km² :  0.000055854339381
Per_capita_income :  0.0000556790255762
1997 :  0.0000553872588404
United_States_Census_Bureau_2c85 :  0.0000551081834618
Poverty_line :  0.0000549797143183
Spain :  0.0000544812425546
Scotland :  0.0000534982454683
California :  0.0000534542376655
1996 :  0.0000528715241651
English_language :  0.0000526639750111
Wiktionary :  0.0000523641380725
Film :  0.0000521763279065
Animal :  0.0000516117092817
Population :  0.0000512440517563
White_(U.S._Census)_c45a :  0.0000494439668716
Sweden :  0.0000492691052152
New_York_City_1428 :  0.0000486016428744
1995 :  0.0000484713954455
School :  0.0000484318111996
Writer :  0.0000471650510085
Russia :  0.0000471089555599
New_York_3da4 :  0.0000469866923321
1994 :  0.0000463754422042
China :  0.0000463458068601
New_Zealand_2311 :  0.0000461922528967
Norway :  0.0000454794676142
1993 :  0.0000446881341361
1992 :  0.0000424952748481
1990 :  0.0000420617489019
Poet :  0.0000420105128676
1991 :  0.0000418775003426
Brazil :  0.0000416188783121
Corporation :  0.0000415694286005
Latino_(U.S._Census)_5f0e :  0.0000410181664038
Hispanic_(U.S._Census)_1387 :  0.0000410077938645
USA_f75d :  0.0000408666192044
Ireland :  0.0000408092119751
Website :  0.0000400008334025
Poland :  0.0000397801463561
Binomial_nomenclature :  0.0000391930967244
Netherlands :  0.000038916591021
1989 :  0.0000386666743122
Race_(United_States_Census)_a07d :  0.0000382288887407
1980 :  0.0000377687530177
Company_(law) :  0.0000375334683054
Building :  0.0000369472587079
Band_(music) :  0.0000368474153688
1982 :  0.0000365102120758
All_Music_Guide_0e49 :  0.0000363928255755
1986 :  0.0000363921898214
1983 :  0.0000361912995949
Native_American_(U.S._Census)_1a7a :  0.000036034877043
1981 :  0.0000360060560732
1985 :  0.0000359958806123
1984 :  0.0000359827000107
1987 :  0.0000358487948299
1988 :  0.0000355106395725
Rock_music :  0.0000351555081881
1979 :  0.0000351214038387
